
Solução algoritmo guloso Reativo com 1467 nós:

1204 

603 

6 

1201 

1402 

1408 

1202 

408 

1404 

1005 

1410 

801 

402 

202 

207 

800 

214 

1011 

805 

205 

403 

1407 

1002 

804 

808 

1405 

806 

601 

605 

215 

1400 

1 

10 

1001 

413 

1416 

604 

802 

1409 

3 

1014 

1018 

1012 

1212 

1401 

1419 

5 

401 

1006 

7 

404 

1015 

200 

406 

612 

423 

1009 

818 

212 

1208 

1413 

204 

1207 

221 

1013 

622 

1008 

1414 

1415 

4 

1219 

611 

213 

217 

810 

1203 

400 

210 

1206 

606 

405 

420 

1418 

1412 

2 

616 

826 

1007 

811 

13 

26 

416 

825 

807 

1213 

1209 

1027 

1406 

621 

11 

821 

411 

1210 

206 

614 

1000 

1228 

228 

429 

1403 

410 

14 

613 

1420 

1214 

9 

1211 

434 

421 

626 

809 

812 

803 

1222 

1034 

1431 

203 

12 

1017 

602 

1031 

409 

1035 

815 

620 

209 

1224 

1004 

31 

233 

222 

609 

1424 

615 

1425 

633 

1235 

607 

1221 

428 

820 

610 

234 

216 

824 

412 

232 

628 

1039 

1029 

600 

617 

23 

819 

1427 

224 

627 

1205 

1433 

439 

1421 

440 

1023 

817 

1010 

1233 

625 

608 

1226 

8 

1411 

17 

1021 

1037 

1032 

1422 

822 

211 

1426 

823 

1417 

414 

1230 

219 

201 

30 

37 

1020 

1016 

435 

444 

1047 

838 

816 

15 

1232 

20 

1218 

27 

407 

836 

38 

618 

1434 

647 

1225 

223 

238 

1038 

432 

1430 

623 

842 

1449 

1231 

1022 

853 

1216 

1220 

1428 

832 

840 

28 

225 

18 

1026 

43 

438 

226 

417 

450 

641 

42 

814 

1217 

19 

624 

447 

1024 

240 

218 

632 

845 

245 

1459 

642 

1046 

831 

446 

16 

648 

1049 

426 

21 

1040 

35 

230 

1028 

1249 

1436 

846 

1215 

1236 

24 

1242 

248 

1025 

56 

639 

419 

629 

235 

1439 

1227 

251 

208 

1223 

1243 

45 

241 

242 

851 

1432 

51 

229 

261 

1042 

830 

425 

22 

651 

1442 

415 

835 

1057 

53 

1265 

1429 

246 

813 

1019 

220 

1241 

619 

40 

645 

433 

262 

1453 

256 

843 

859 

236 

658 

68 

250 

1460 

634 

827 

863 

657 

1462 

47 

1030 

424 

829 

646 

644 

1246 

1261 

1273 

441 

437 

36 

61 

1435 

33 

856 

39 

630 

1056 

1448 

643 

1072 

76 

1239 

1247 

1471 

443 

430 

837 

463 

276 

1457 

418 

849 

864 

277 

449 

1070 

1237 

1003 

258 

1458 

1446 

834 

1067 

638 

73 

1476 

1267 

1053 

1478 

847 

231 

271 

259 

877 

255 

25 

472 

652 

1229 

1466 

1443 

1437 

1065 

52 

1238 

274 

227 

860 

1483 

265 

1250 

1438 

673 

833 

82 

1262 

1045 

828 

1052 

861 

475 

1464 

1473 

72 

636 

1060 

237 

1274 

1257 

445 

671 

1272 

850 

1454 

1064 

29 

1036 

55 

637 

889 

841 

50 

485 

871 

264 

1234 

677 

67 

1467 

427 

1087 

683 

635 

268 

631 

1289 

448 

84 

1264 

266 

247 

486 

1062 

1068 

78 

1468 

844 

422 

1061 

467 

442 

69 

640 

1251 

497 

32 

649 

1043 

478 

1493 

893 

90 

1275 

1258 

656 

1256 

243 

290 

431 

669 

1475 

854 

1465 

1484 

1452 

63 

249 

888 

1477 

477 

684 

1058 

1055 

1423 

1494 

870 

691 

451 

288 

1445 

466 

1290 

1089 

1069 

685 

34 

1073 

660 

457 

867 

1090 

1297 

1054 

1485 

878 

260 

481 

700 

1033 

875 

468 

473 

681 

1260 

41 

490 

906 

48 

1479 

890 

1456 

1480 

80 

252 

454 

285 

668 

682 

460 

254 

1294 

484 

87 

883 

661 

675 

1278 

1044 

1303 

469 

100 

902 

464 

1444 

95 

436 

858 

112 

689 

1447 

470 

239 

297 

1472 

1287 

1074 

857 

900 

312 

86 

1252 

1299 

279 

917 

93 

1482 

1489 

304 

1491 

1085 

1292 

712 

705 

483 

665 

693 

1105 

508 

886 

514 

1500 

1441 

1109 

461 

510 

54 

699 

907 

678 

701 

1474 

289 

1492 

839 

1488 

89 

295 

105 

103 

655 

1121 

482 

77 

1093 

920 

487 

667 

1291 

114 

521 

307 

471 

499 

1101 

1304 

688 

880 

872 

1110 

698 

60 

1244 

244 

706 

1310 

670 

501 

650 

267 

71 

253 

892 

1050 

529 

115 

131 

865 

1495 

1077 

317 

885 

456 

1301 

452 

1470 

1316 

269 

1321 

1440 

1086 

1120 

897 

1285 

455 

480 

270 

904 

91 

292 

916 

1116 

1307 

1286 

278 

49 

64 

517 

909 

495 

1245 

898 

46 

1240 

732 

133 

1333 

725 

530 

293 

1496 

723 

1071 

1330 

314 

1296 

57 

1323 

491 

922 

74 

537 

1319 

653 

134 

707 

715 

1270 

1107 

1041 

702 

710 

738 

109 

70 

283 

520 

928 

1269 

459 

852 

1134 

44 

458 

1063 

544 

931 

137 

1293 

719 

1263 

116 

866 

881 

666 

926 

101 

309 

940 

1048 

1075 

690 

1081 

1314 

1342 

662 

1271 

1450 

139 

1106 

125 

1305 

1283 

331 

1051 

313 

1145 

358 

92 

59 

1066 

263 

874 

749 

257 

873 

663 

929 

869 

1497 

1080 

1248 

104 

1114 

1088 

135 

717 

346 

722 

519 

708 

528 

1255 

479 

1082 

1295 

1135 

332 

347 

1469 

540 

327 

911 

1100 

465 

525 

552 

1152 

720 

1343 

301 

149 

939 

500 

848 

1104 

659 

513 

111 

526 

462 

110 

876 

687 

721 

350 

915 

1329 

1282 

956 

935 

1268 

1463 

737 

672 

549 

352 

296 

769 

1254 

122 

938 

306 

894 

561 

919 

118 

1124 

123 

494 

1097 

564 

733 

503 

1277 

746 

948 

1149 

156 

546 

294 

960 

674 

895 

1259 

1306 

945 

1171 

1146 

351 

154 

963 

1111 

1353 

884 

166 

318 

711 

328 

765 

341 

1157 

273 

695 

325 

504 

342 

1339 

507 

1499 

664 

113 

753 

930 

959 

1161 

130 

160 

512 

562 

107 

974 

337 

173 

1253 

1139 

1338 

1096 

918 

713 

102 

532 

1351 

1344 

676 

741 

755 

1167 

488 

759 

968 

1176 

320 

1324 

284 

577 

370 

1102 

879 

936 

1125 

891 

1336 

762 

372 

542 

1298 

186 

145 

748 

1092 

1078 

343 

1079 

946 

165 

559 

1348 

1159 

965 

923 

1354 

704 

1138 

951 

952 

978 

175 

692 

1498 

714 

782 

538 

1163 

136 

855 

1385 

117 

950 

356 

392 

534 

1150 

65 

282 

1094 

742 

366 

1129 

901 

1347 

1131 

868 

340 

760 

1133 

903 

144 

1173 

142 

986 

1172 

1103 

587 

179 

545 

1341 

736 

280 

1144 

727 

1191 

555 

566 

1360 

1284 

516 

1376 

654 

303 

767 

1377 

953 

756 

453 

275 

1394 

1315 

990 

983 

129 

299 

88 

1076 

933 

975 

155 

776 

287 

396 

389 

58 

1178 

386 

1367 

771 

335 

174 

1372 

543 

371 

1390 

1158 

697 

971 

572 

168 

316 

757 

1399 

310 

1389 

321 

599 

397 

506 

1166 

775 

140 

1136 

575 

768 

921 

977 

1137 

1340 

580 

1156 

787 

1396 

121 

1195 

511 

383 

966 

1345 

752 

973 

964 

962 

724 

541 

391 

1143 

344 

591 

492 

1322 

98 

598 

914 

913 

127 

565 

576 

777 

774 

942 

1122 

143 

272 

380 

1141 

398 

1126 

1312 

563 

585 

780 

1280 

1349 

124 

1168 

1184 

522 

291 

1108 

976 

588 

1455 

1391 

1386 

1371 

590 

1387 

726 

1194 

1198 

593 

1132 

584 

345 

773 

912 

1381 

1332 

1281 

176 

339 

1170 

161 

686 

1451 

761 

981 

882 

315 

788 

1375 

927 

1337 

763 

1383 

568 

498 

474 

81 

1352 

1186 

1155 

193 

79 

910 

349 

772 

1123 

146 

187 

108 

94 

993 

286 

1164 

899 

184 

1379 

1119 

944 

147 

1398 

1154 

779 

925 

548 

1365 

367 

536 

126 

1325 

83 

1313 

164 

496 

790 

1311 

862 

1147 

1362 

505 

181 

1112 

791 

1326 

323 

583 

62 

373 

1350 

336 

758 

1181 

1384 

1185 

1174 

298 

553 

393 

1188 

388 

969 

547 

300 

1196 

1318 

586 

988 

1115 

570 

1197 

958 

751 

954 

1160 

192 

949 

747 

324 

992 

1346 

374 

322 

571 

138 

360 

190 

924 

989 

1374 

709 

985 

365 

994 

592 

716 

735 

589 

502 

97 

1140 

789 

338 

972 

896 

1113 

793 

1189 

151 

554 

730 

375 

1393 

390 

1177 

582 

132 

183 

729 

998 

1117 

1331 

359 

515 

152 

1279 

150 

979 

1130 

1487 

357 

996 

905 

196 

1162 

75 

1490 

169 

1118 

1142 

281 

348 

1059 

539 

594 

1317 

172 

796 

1095 

308 

85 

1461 

311 

934 

120 

1175 

1366 

696 

967 

567 

1169 

157 

781 

595 

797 

1192 

754 

1099 

302 

703 

178 

943 

957 

1370 

795 

1373 

1193 

198 

377 

1091 

364 

581 

1098 

188 

596 

984 

579 

305 

333 

527 

1084 

355 

1187 

395 

550 

718 

199 

1128 

744 

1382 

378 

489 

384 

1327 

329 

1328 

334 

476 

1266 

385 

794 

369 

1127 

764 

556 

177 

551 

739 

1358 

1165 

167 

991 

1378 

171 

970 

1359 

163 

1288 

1334 

750 

363 

195 

1180 

728 

569 

783 

982 

1300 

128 

1083 

734 

353 

1148 

379 

1151 

1356 

159 

1183 

158 

1276 

1380 

798 

368 

99 

319 

1182 

533 

148 

523 

680 

1486 

1481 

170 

1308 

784 

354 

947 

197 

1397 

1199 

578 

330 

778 

786 

387 

531 

96 

740 

792 

995 

1355 

1309 

999 

361 

119 

766 

1335 

785 

141 

382 

1302 

153 

399 

908 

106 

376 

574 

189 

937 

1153 

955 

557 

1369 

1190 

1395 

1320 

524 

731 

743 

560 

1363 

770 

1179 

980 

381 

191 

Solução algoritmo guloso : 

1200 

1000 

600 

200 

800 

1 

1400 

1001 

401 

201 

400 

1002 

1201 

402 

802 

2 

601 

202 

801 

403 

1403 

803 

1402 

1203 

203 

602 

804 

1401 

1005 

1405 

1202 

204 

5 

1006 

1205 

606 

805 

6 

4 

1007 

603 

604 

1204 

806 

205 

1404 

1004 

3 

404 

605 

1406 

807 

1003 

1008 

1209 

206 

1009 

405 

1408 

406 

809 

208 

1409 

408 

209 

11 

1411 

8 

811 

1011 

409 

10 

1410 

1413 

9 

1207 

211 

214 

13 

608 

207 

415 

407 

615 

410 

613 

1415 

412 

614 

808 

1416 

215 

1407 

610 

1015 

217 

1014 

607 

1414 

12 

416 

1018 

1012 

413 

819 

1212 

1210 

818 

7 

1419 

618 

411 

1206 

1213 

1412 

1010 

1020 

420 

622 

1016 

1021 

1211 

810 

620 

221 

612 

1017 

423 

1208 

616 

212 

1214 

1013 

824 

611 

213 

26 

826 

1418 

16 

820 

1219 

20 

609 

210 

14 

1027 

1224 

1417 

823 

1422 

428 

825 

219 

1022 

621 

1424 

223 

226 

626 

225 

1223 

1029 

429 

1228 

821 

822 

421 

228 

222 

1222 

1421 

617 

31 

434 

1431 

15 

433 

233 

1433 

1420 

216 

1218 

1031 

218 

1034 

1220 

1024 

813 

1235 

812 

627 

23 

1221 

224 

30 

1425 

232 

1428 

1035 

633 

816 

838 

17 

814 

1427 

815 

632 

619 

414 

438 

628 

1423 

234 

1436 

623 

21 

419 

1039 

1434 

440 

817 

37 

1023 

625 

1037 

1019 

27 

1233 

435 

1026 

624 

439 

837 

1426 

1038 

629 

1230 

836 

1226 

240 

444 

1215 

1032 

43 

842 

1244 

1231 

630 

1232 

238 

1225 

1430 

1247 

1046 

45 

246 

39 

1216 

845 

432 

241 

1047 

1217 

418 

1438 

242 

38 

28 

1042 

647 

450 

1449 

1227 

1435 

33 

1049 

1040 

42 

832 

18 

35 

840 

642 

648 

641 

245 

1249 

1242 

853 

417 

19 

25 

827 

846 

652 

639 

830 

220 

447 

443 

1052 

843 

256 

1236 

230 

422 

236 

1439 

425 

235 

51 

261 

831 

1459 

446 

1453 

426 

1025 

248 

658 

449 

1460 

24 

835 

851 

1028 

863 

56 

1442 

1457 

229 

22 

1261 

1056 

651 

1464 

849 

657 

1241 

1030 

829 

1243 

1265 

251 

250 

1057 

68 

47 

1432 

1053 

645 

264 

1448 

1246 

424 

643 

1229 

1429 

29 

1239 

40 

1062 

437 

50 

53 

262 

636 

1267 

859 

1045 

1069 

634 

1462 

430 

1468 

61 

436 

1072 

1443 

1262 

259 

1067 

856 

1033 

670 

441 

1471 

72 

646 

73 

1273 

255 

472 

463 

1437 

1250 

644 

268 

36 

258 

237 

274 

1458 

638 

55 

277 

1441 

1065 

76 

878 

276 

1476 

231 

1064 

864 

1070 

1060 

1234 

834 

877 

1237 

1446 

475 

861 

671 

271 

1467 

1260 

833 

637 

847 

41 

1478 

828 

1036 

1061 

1044 

32 

635 

1483 

52 

656 

427 

445 

1238 

1473 

1251 

1485 

689 

1466 

1264 

860 

69 

1477 

1274 

265 

683 

473 

673 

227 

1257 

485 

668 

1272 

82 

266 

850 

889 

1454 

34 

1465 

640 

1087 

1289 

1068 

649 

854 

1484 

477 

675 

841 

466 

871 

67 

442 

247 

1475 

684 

467 

677 

1258 

691 

290 

431 

63 

1444 

90 

631 

490 

1054 

84 

448 

93 

497 

78 

249 

478 

243 

486 

1493 

893 

669 

844 

1275 

1256 

1043 

1055 

1073 

297 

682 

48 

1058 

867 

1089 

457 

1452 

1090 

288 

685 

1488 

888 

660 

1445 

890 

1290 

900 

681 

870 

469 

1494 

254 

260 

875 

482 

1472 

289 

1456 

279 

700 

293 

1278 

100 

487 

1297 

857 

87 

1480 

468 

60 

902 

451 

883 

1447 

1479 

1292 

292 

898 

285 

481 

508 

1294 

665 

886 

906 

484 

698 

1101 

103 

1252 

1491 

858 

454 

460 

907 

80 

270 

252 

661 

86 

483 

1085 

1105 

312 

514 

678 

1303 

699 

712 

95 

112 

470 

464 

71 

1074 

1093 

1109 

471 

1500 

309 

461 

1110 

91 

1287 

452 

1489 

49 

295 

880 

701 

239 

44 

1482 

917 

1299 

304 

1121 

1291 

693 

458 

705 

491 

105 

510 

521 

909 

920 

77 

1321 

872 

1492 

253 

89 

653 

667 

1120 

1285 

897 

114 

244 

1304 

655 

1495 

46 

1474 

54 

499 

1323 

839 

1293 

307 

455 

1301 

892 

688 

529 

1310 

115 

480 

1048 

922 

495 

650 

1305 

723 

706 

57 

269 

267 

111 

456 

1050 

501 

131 

1440 

1283 

865 

926 

64 

74 

1270 

1496 

1296 

1077 

1086 

1316 

314 

317 

313 

719 

866 

904 

1470 

1063 

1286 

1116 

1333 

885 

1307 

257 

732 

707 

530 

133 

517 

873 

278 

479 

916 

928 

1240 

125 

1245 

715 

459 

725 

1107 

1330 

1319 

301 

1450 

1282 

520 

1071 

1088 

537 

104 

1135 

1051 

109 

852 

519 

70 

738 

710 

134 

1041 

540 

101 

940 

702 

666 

544 

283 

116 

881 

263 

139 

1106 

1114 

1134 

931 

59 

92 

137 

879 

1342 

1269 

911 

869 

690 

1066 

1263 

1271 

1255 

749 

1075 

722 

526 

358 

1314 

512 

1145 

874 

327 

1248 

1081 

331 

346 

663 

350 

662 

110 

1497 

1344 

549 

1268 

122 

332 

720 

929 

1080 

939 

352 

528 

733 

135 

1082 

848 

1343 

708 

672 

1469 

462 

525 

1259 

1111 

659 

1499 

552 

347 

149 

717 

876 

674 

1157 

1254 

737 

513 

1100 

296 

1152 

118 

1149 

1124 

1295 

1329 

769 

1463 

721 

960 

915 

156 

687 

1104 

935 

894 

1498 

956 

561 

564 

746 

945 

938 

1338 

895 

930 

500 

1306 

273 

1146 

919 

948 

494 

341 

107 

664 

123 

465 

562 

320 

507 

711 

1167 

113 

154 

1353 

1277 

963 

755 

1097 

294 

503 

884 

695 

546 

1171 

676 

351 

318 

765 

166 

306 

891 

918 

936 

1339 

959 

1173 

173 

102 

1253 

1096 

328 

342 

165 

1161 

130 

1125 

713 

753 

160 

504 

542 

1139 

1163 

951 

356 

325 

974 

129 

1079 

142 

741 

555 

868 

1351 

762 

136 

488 

968 

372 

1324 

1092 

337 

577 

1176 

1094 

370 

532 

759 

1078 

282 

952 

284 

1336 

186 

978 

1348 

1159 

714 

145 

559 

1354 

1385 

767 

1102 

923 

392 

343 

748 

1138 

946 

287 

303 

760 

175 

88 

1298 

782 

117 

1131 

534 

986 

704 

692 

965 

1178 

538 

1341 

1347 

1103 

990 

1133 

587 

742 

179 

453 

144 

950 

1129 

1144 

516 

901 

280 

366 

310 

756 

727 

1191 

396 

1172 

543 

736 

566 

953 

1281 

121 

1360 

321 

340 

654 

1315 

1150 

58 

1377 

545 

983 

1376 

776 

1156 

389 

774 

975 

140 

1158 

1076 

371 

1394 

1372 

1390 

299 

397 

335 

933 

697 

1367 

155 

168 

492 

971 

386 

757 

1389 

575 

962 

768 

855 

771 

391 

316 

506 

1399 

580 

174 

1136 

1322 

903 

752 

775 

966 

572 

275 

787 

1340 

599 

1345 

973 

1170 

541 

763 

576 

383 

942 

1166 

977 

1195 

1396 

1137 

591 

964 

127 

511 

588 

1455 

921 

380 

777 

1349 

914 

65 

81 

1143 

344 

598 

1126 

913 

339 

1122 

1194 

98 

143 

780 

1168 

563 

724 

1141 

593 

1108 

1132 

1386 

976 

124 

927 

1337 

398 

773 

1184 

565 

981 

1332 

585 

1381 

1391 

315 

1198 

161 

522 

108 

788 

584 

590 

1312 

1387 

1371 

1375 

1352 

726 

349 

686 

345 

761 

912 

176 

1164 

1154 

772 

1383 

1155 

1284 

1186 

474 

126 

568 

146 

1313 

79 

193 

882 

1379 

1350 

1147 

1365 

1123 

779 

993 

147 

536 

323 

272 

62 

187 

548 

944 

1398 

184 

553 

1174 

899 

192 

367 

1119 

300 

164 

925 

286 

1325 

181 

94 

1362 

1311 

336 

570 

505 

862 

83 

910 

1181 

1112 

1188 

291 

790 

791 

758 

571 

1384 

1185 

583 

1196 

138 

958 

374 

969 

298 

1326 

496 

388 

1318 

373 

393 

988 

547 

586 

751 

1197 

747 

735 

498 

972 

1160 

324 

924 

716 

949 

954 

1115 

338 

1374 

1331 

502 

589 

709 

190 

365 

1140 

989 

360 

992 

985 

322 

592 

582 

896 

390 

789 

150 

1346 

281 

994 

554 

793 

1169 

375 

979 

1189 

539 

1177 

132 

97 

515 

151 

1393 

1113 

594 

1461 

1280 

905 

730 

183 

996 

1487 

998 

75 

1279 

1130 

1490 

196 

1175 

359 

595 

348 

357 

1117 

729 

152 

364 

696 

567 

85 

120 

169 

1276 

178 

797 

1099 

1095 

754 

1317 

157 

311 

796 

1370 

1193 

1142 

1084 

781 

1118 

199 

1162 

377 

581 

957 

1192 

198 

1091 

1373 

302 

984 

795 

943 

333 

934 

596 

1382 

718 

172 

967 

1266 

703 

527 

1327 

1366 

334 

1128 

1187 

1059 

167 

128 

395 

744 

1359 

991 

355 

363 

489 

1127 

550 

476 

308 

171 

579 

329 

384 

1328 

556 

739 

794 

1288 

1481 

764 

177 

1378 

970 

163 

385 

1358 

783 

369 

148 

188 

1180 

1380 

158 

750 

551 

305 

378 

569 

1183 

947 

195 

1148 

1165 

798 

982 

728 

680 

1098 

1083 

1300 

319 

159 

368 

734 

1356 

597 

379 

99 

1182 

523 

1486 

330 

784 

786 

387 

1199 

354 

1451 

533 

961 

1308 

997 

170 

578 

361 

362 

106 

995 

999 

326 

573 

1335 

182 

493 

197 

153 

766 

376 

785 

1395 

531 

1334 

941 

743 

745 

353 

887 

778 

189 

1397 

1302 

1320 

932 

937 

1153 

955 

560 

980 

382 
